Ex	ExN50	num_genes
9	431	1
17	431	2
19	426	3
21	2112	4
22	2112	5
23	1941	7
24	1941	8
25	1941	9
26	1941	10
27	1941	12
28	1941	13
29	1613	15
30	1613	18
31	1308	20
32	1074	23
33	1308	26
34	1074	29
35	890	33
36	853	37
37	853	41
38	847	45
39	853	50
40	1022	55
41	1095	60
42	1093	65
43	1095	71
44	1093	77
45	1095	83
46	1169	89
47	1095	95
48	1169	102
49	1183	109
50	1272	116
51	1200	124
52	1225	131
53	1236	139
54	1246	148
55	1236	157
56	1225	166
57	1259	177
58	1272	189
59	1308	202
60	1356	216
61	1361	231
62	1376	248
63	1410	268
64	1501	290
65	1551	314
66	1627	341
67	1650	371
68	1651	406
69	1688	445
70	1725	489
71	1786	539
72	1832	595
73	1863	658
74	1866	729
75	1929	810
76	2007	900
77	2077	1001
78	2079	1115
79	2140	1244
80	2177	1393
81	2247	1565
82	2297	1768
83	2379	2004
84	2412	2279
85	2469	2595
86	2543	2968
87	2594	3406
88	2641	3921
89	2731	4529
90	2793	5267
91	2869	6174
92	2945	7318
93	3009	8844
94	3041	11002
95	2987	14466
96	2809	20952
97	2501	34231
98	2014	59497
99	1120	113350
100	1049.71384950927	119573
